11804000
11804001
11804002
11804003
11804004
11804005
11804006
11804007
11804008
11804009
11804010
11804011
11804012
11804013
11804014
11804015
11804016
11804017
11804018
11804019
11804020
11804021
11804022
11804023
11804024
11804025
11804026
11804027
11804028
11804029
11804030
11804031
11804032
11804033
11804034
11804035
11804036
11804037
11804038
11804039
11804040
11804041
11804042
11804043
11804044
11804045
11804046
11804047
11804048
11804049
11804050
11804051
11804052
11804053
11804054
11804055
11804056
11804057
11804058
11804059
11804060
11804061
11804062
11804063
11804064
11804065
11804066
11804067
11804068
11804069
11804070
11804071
11804072
11804073
11804074
11804075
11804076
11804077
11804078
11804079
11804080
11804081
11804082
11804083
11804084
11804085
11804086
11804087
11804088
11804089
11804090
11804091
11804092
11804093
11804094
11804095
11804096
11804097
11804098
11804099
11804100
11804101
11804102
11804103
11804104
11804105
11804106
11804107
11804108
11804109
11804110
11804111
11804112
11804113
11804114
11804115
11804116
11804117
11804118
11804119
11804120
11804121
11804122
11804123
11804124
11804125
11804126
11804127
11804128
11804129
11804130
11804131
11804132
11804133
11804134
11804135
11804136
11804137
11804138
11804139
11804140
11804141
11804142
11804143
11804144
11804145
11804146
11804147
11804148
11804149
11804150
11804151
11804152
11804153
11804154
11804155
11804156
11804157
11804158
11804159
11804160
11804161
11804162
11804163
11804164
11804165
11804166
11804167
11804168
11804169
11804170
11804171
11804172
11804173
11804174
11804175
11804176
11804177
11804178
11804179
11804180
11804181
11804182
11804183
11804184
11804185
11804186
11804187
11804188
11804189
11804190
11804191
11804192
11804193
11804194
11804195
11804196
11804197
11804198
11804199
11804200
11804201
11804202
11804203
11804204
11804205
11804206
11804207
11804208
11804209
11804210
11804211
11804212
11804213
11804214
11804215
11804216
11804217
11804218
11804219
11804220
11804221
11804222
11804223
11804224
11804225
11804226
11804227
11804228
11804229
11804230
11804231
11804232
11804233
11804234
11804235
11804236
11804237
11804238
11804239
11804240
11804241
11804242
11804243
11804244
11804245
11804246
11804247
11804248
11804249
11804250
11804251
11804252
11804253
11804254
11804255
11804256
11804257
11804258
11804259
11804260
11804261
11804262
11804263
11804264
11804265
11804266
11804267
11804268
11804269
11804270
11804271
11804272
11804273
11804274
11804275
11804276
11804277
11804278
11804279
11804280
11804281
11804282
11804283
11804284
11804285
11804286
11804287
11804288
11804289
11804290
11804291
11804292
11804293
11804294
11804295
11804296
11804297
11804298
11804299
11804300
11804301
11804302
11804303
11804304
11804305
11804306
11804307
11804308
11804309
11804310
11804311
11804312
11804313
11804314
11804315
11804316
11804317
11804318
11804319
11804320
11804321
11804322
11804323
11804324
11804325
11804326
11804327
11804328
11804329
11804330
11804331
11804332
11804333
11804334
11804335
11804336
11804337
11804338
11804339
11804340
11804341
11804342
11804343
11804344
11804345
11804346
11804347
11804348
11804349
11804350
11804351
11804352
11804353
11804354
11804355
11804356
11804357
11804358
11804359
11804360
11804361
11804362
11804363
11804364
11804365
11804366
11804367
11804368
11804369
11804370
11804371
11804372
11804373
11804374
11804375
11804376
11804377
11804378
11804379
11804380
11804381
11804382
11804383
11804384
11804385
11804386
11804387
11804388
11804389
11804390
11804391
11804392
11804393
11804394
11804395
11804396
11804397
11804398
11804399
11804400
11804401
11804402
11804403
11804404
11804405
11804406
11804407
11804408
11804409
11804410
11804411
11804412
11804413
11804414
11804415
11804416
11804417
11804418
11804419
11804420
11804421
11804422
11804423
11804424
11804425
11804426
11804427
11804428
11804429
11804430
11804431
11804432
11804433
11804434
11804435
11804436
11804437
11804438
11804439
11804440
11804441
11804442
11804443
11804444
11804445
11804446
11804447
11804448
11804449
11804450
11804451
11804452
11804453
11804454
11804455
11804456
11804457
11804458
11804459
11804460
11804461
11804462
11804463
11804464
11804465
11804466
11804467
11804468
11804469
11804470
11804471
11804472
11804473
11804474
11804475
11804476
11804477
11804478
11804479
11804480
11804481
11804482
11804483
11804484
11804485
11804486
11804487
11804488
11804489
11804490
11804491
11804492
11804493
11804494
11804495
11804496
11804497
11804498
11804499
11804500
11804501
11804502
11804503
11804504
11804505
11804506
11804507
11804508
11804509
11804510
11804511
11804512
11804513
11804514
11804515
11804516
11804517
11804518
11804519
11804520
11804521
11804522
11804523
11804524
11804525
11804526
11804527
11804528
11804529
11804530
11804531
11804532
11804533
11804534
11804535
11804536
11804537
11804538
11804539
11804540
11804541
11804542
11804543
11804544
11804545
11804546
11804547
11804548
11804549
11804550
11804551
11804552
11804553
11804554
11804555
11804556
11804557
11804558
11804559
11804560
11804561
11804562
11804563
11804564
11804565
11804566
11804567
11804568
11804569
11804570
11804571
11804572
11804573
11804574
11804575
11804576
11804577
11804578
11804579
11804580
11804581
11804582
11804583
11804584
11804585
11804586
11804587
11804588
11804589
11804590
11804591
11804592
11804593
11804594
11804595
11804596
11804597
11804598
11804599
11804600
11804601
11804602
11804603
11804604
11804605
11804606
11804607
11804608
11804609
11804610
11804611
11804612
11804613
11804614
11804615
11804616
11804617
11804618
11804619
11804620
11804621
11804622
11804623
11804624
11804625
11804626
11804627
11804628
11804629
11804630
11804631
11804632
11804633
11804634
11804635
11804636
11804637
11804638
11804639
11804640
11804641
11804642
11804643
11804644
11804645
11804646
11804647
11804648
11804649
11804650
11804651
11804652
11804653
11804654
11804655
11804656
11804657
11804658
11804659
11804660
11804661
11804662
11804663
11804664
11804665
11804666
11804667
11804668
11804669
11804670
11804671
11804672
11804673
11804674
11804675
11804676
11804677
11804678
11804679
11804680
11804681
11804682
11804683
11804684
11804685
11804686
11804687
11804688
11804689
11804690
11804691
11804692
11804693
11804694
11804695
11804696
11804697
11804698
11804699
11804700
11804701
11804702
11804703
11804704
11804705
11804706
11804707
11804708
11804709
11804710
11804711
11804712
11804713
11804714
11804715
11804716
11804717
11804718
11804719
11804720
11804721
11804722
11804723
11804724
11804725
11804726
11804727
11804728
11804729
11804730
11804731
11804732
11804733
11804734
11804735
11804736
11804737
11804738
11804739
11804740
11804741
11804742
11804743
11804744
11804745
11804746
11804747
11804748
11804749
11804750
11804751
11804752
11804753
11804754
11804755
11804756
11804757
11804758
11804759
11804760
11804761
11804762
11804763
11804764
11804765
11804766
11804767
11804768
11804769
11804770
11804771
11804772
11804773
11804774
11804775
11804776
11804777
11804778
11804779
11804780
11804781
11804782
11804783
11804784
11804785
11804786
11804787
11804788
11804789
11804790
11804791
11804792
11804793
11804794
11804795
11804796
11804797
11804798
11804799
11804800
11804801
11804802
11804803
11804804
11804805
11804806
11804807
11804808
11804809
11804810
11804811
11804812
11804813
11804814
11804815
11804816
11804817
11804818
11804819
11804820
11804821
11804822
11804823
11804824
11804825
11804826
11804827
11804828
11804829
11804830
11804831
11804832
11804833
11804834
11804835
11804836
11804837
11804838
11804839
11804840
11804841
11804842
11804843
11804844
11804845
11804846
11804847
11804848
11804849
11804850
11804851
11804852
11804853
11804854
11804855
11804856
11804857
11804858
11804859
11804860
11804861
11804862
11804863
11804864
11804865
11804866
11804867
11804868
11804869
11804870
11804871
11804872
11804873
11804874
11804875
11804876
11804877
11804878
11804879
11804880
11804881
11804882
11804883
11804884
11804885
11804886
11804887
11804888
11804889
11804890
11804891
11804892
11804893
11804894
11804895
11804896
11804897
11804898
11804899
11804900
11804901
11804902
11804903
11804904
11804905
11804906
11804907
11804908
11804909
11804910
11804911
11804912
11804913
11804914
11804915
11804916
11804917
11804918
11804919
11804920
11804921
11804922
11804923
11804924
11804925
11804926
11804927
11804928
11804929
11804930
11804931
11804932
11804933
11804934
11804935
11804936
11804937
11804938
11804939
11804940
11804941
11804942
11804943
11804944
11804945
11804946
11804947
11804948
11804949
11804950
11804951
11804952
11804953
11804954
11804955
11804956
11804957
11804958
11804959
11804960
11804961
11804962
11804963
11804964
11804965
11804966
11804967
11804968
11804969
11804970
11804971
11804972
11804973
11804974
11804975
11804976
11804977
11804978
11804979
11804980
11804981
11804982
11804983
11804984
11804985
11804986
11804987
11804988
11804989
11804990
11804991
11804992
11804993
11804994
11804995
11804996
11804997
11804998
11804999
11805000
